[gd_scene load_steps=42 format=3 uid="uid://cvus7ejsslejw"]

[ext_resource type="Texture2D" uid="uid://d000toy1c1400" path="res://textures/VillageSkyTexture.png" id="1_asubo"]
[ext_resource type="Script" path="res://scenes/levels/village/village.gd" id="1_gt86u"]
[ext_resource type="PackedScene" uid="uid://iy86trujqevt" path="res://scenes/ui/combatScreen/combat_screen.tscn" id="1_xkpbn"]
[ext_resource type="PackedScene" uid="uid://bhcfyawh66n7t" path="res://scenes/ui/explorationHUD/exploration_hud.tscn" id="2_cli8v"]
[ext_resource type="Shader" uid="uid://d6t6aevet6j4" path="res://shaders/Pixelation.tres" id="2_l38qc"]
[ext_resource type="PackedScene" uid="uid://d22gfyio4xrgp" path="res://scenes/ui/mouse.tscn" id="3_gmu7u"]
[ext_resource type="Texture2D" uid="uid://bye3sl2u4rd7k" path="res://icon.svg" id="3_j2hif"]
[ext_resource type="PackedScene" uid="uid://b83liv0gvm2hb" path="res://modles/villageporch.tscn" id="4_d7lfj"]
[ext_resource type="PackedScene" uid="uid://ga2iolih30e1" path="res://scenes/ui/dialogWindow/dialog_window.tscn" id="4_fyvys"]
[ext_resource type="PackedScene" uid="uid://do66mehml4abx" path="res://modles/villagehousegreen.tscn" id="5_xgecv"]
[ext_resource type="PackedScene" uid="uid://cvkbkuv2ch0jk" path="res://modles/crate.tscn" id="6_ptiao"]
[ext_resource type="PackedScene" uid="uid://d2088j2i35ij3" path="res://modles/smalltree.tscn" id="7_hbwc6"]
[ext_resource type="PackedScene" uid="uid://8f54kt0m0nku" path="res://modles/smalltreedarkercolor.tscn" id="8_vf3gk"]
[ext_resource type="PackedScene" uid="uid://bnff6pafaf1e6" path="res://modles/woodpost.tscn" id="9_o3a76"]
[ext_resource type="PackedScene" uid="uid://pgiirmgenq8c" path="res://modles/stool.tscn" id="10_00iby"]
[ext_resource type="PackedScene" uid="uid://c7rfbbdj0tkqk" path="res://modles/dock.tscn" id="11_bj183"]
[ext_resource type="PackedScene" uid="uid://ddnu2xd4xodou" path="res://modles/boat.tscn" id="12_s0wxh"]
[ext_resource type="Shader" uid="uid://dk6q2e0vkitc8" path="res://shaders/water.tres" id="13_5oct3"]
[ext_resource type="PackedScene" uid="uid://cbnhppl67epy0" path="res://modles/wizardtower.tscn" id="14_0b5bq"]
[ext_resource type="PackedScene" uid="uid://bbjbph6pha0tt" path="res://modles/villagemeshground.tscn" id="15_bgger"]
[ext_resource type="PackedScene" uid="uid://dx40fhvq7xq4m" path="res://modles/smallrock.tscn" id="16_y0pr7"]
[ext_resource type="PackedScene" uid="uid://bq8jiliucs2l6" path="res://modles/woodplank.tscn" id="17_srh32"]
[ext_resource type="PackedScene" uid="uid://dmn3vhvnuyxgb" path="res://modles/bush.tscn" id="18_f6i1u"]
[ext_resource type="PackedScene" uid="uid://cotp2rqylek85" path="res://modles/fishinghut.tscn" id="19_v5nkv"]
[ext_resource type="PackedScene" uid="uid://ogen0ryaljqc" path="res://modles/fence.tscn" id="20_aqiw1"]
[ext_resource type="PackedScene" uid="uid://bxk526ikuqwq" path="res://modles/pumpkin.tscn" id="21_r7eor"]
[ext_resource type="PackedScene" uid="uid://cfmnbk2r5ajeh" path="res://modles/landbump.tscn" id="22_3veji"]
[ext_resource type="PackedScene" uid="uid://cgujlfp3gdbfw" path="res://modles/well.tscn" id="23_3no2e"]
[ext_resource type="PackedScene" uid="uid://cbpms42oraq6n" path="res://modles/campfire.tscn" id="24_flb3y"]
[ext_resource type="PackedScene" uid="uid://denps0ye5r3wr" path="res://modles/flowers.tscn" id="25_k8ked"]
[ext_resource type="PackedScene" uid="uid://c1ynlnisg2qox" path="res://scenes/player/player.tscn" id="26_2iu2g"]
[ext_resource type="PackedScene" uid="uid://c03dfr8kkygpe" path="res://modles/smith/SmithBreathingIdle.tscn" id="26_v742t"]
[ext_resource type="AudioStream" uid="uid://ccaimi70n6uuk" path="res://audio/music/Village Theme.wav" id="32_dyiqh"]

[sub_resource type="PanoramaSkyMaterial" id="PanoramaSkyMaterial_snbcf"]
panorama = ExtResource("1_asubo")

[sub_resource type="Sky" id="Sky_163l6"]
sky_material = SubResource("PanoramaSkyMaterial_snbcf")

[sub_resource type="Environment" id="Environment_okna8"]
background_mode = 2
background_color = Color(0, 1, 0.803922, 1)
sky = SubResource("Sky_163l6")
ambient_light_source = 3
ambient_light_color = Color(1, 1, 1, 1)
ambient_light_sky_contribution = 0.6

[sub_resource type="PlaneMesh" id="PlaneMesh_oi706"]
size = Vector2(200, 100)

[sub_resource type="ShaderMaterial" id="ShaderMaterial_334sp"]
render_priority = 0
shader = ExtResource("13_5oct3")
shader_parameter/ColorParameter = null

[sub_resource type="BoxShape3D" id="BoxShape3D_xy5dq"]
size = Vector3(150, 20, 10)

[sub_resource type="CylinderShape3D" id="CylinderShape3D_jiwod"]
height = 20.0
radius = 2.5

[sub_resource type="ShaderMaterial" id="ShaderMaterial_kppqw"]
shader = ExtResource("2_l38qc")
shader_parameter/Pixelation_Amount = 350.0

[node name="Village" type="Node"]
script = ExtResource("1_gt86u")

[node name="Village3D" type="Node3D" parent="."]

[node name="WorldEnvironment" type="WorldEnvironment" parent="Village3D"]
environment = SubResource("Environment_okna8")

[node name="DirectionalLight3D" type="DirectionalLight3D" parent="Village3D"]
transform = Transform3D(-0.725602, 0.629743, 0.277354, -0.224831, -0.59791, 0.769386, 0.650348, 0.49591, 0.575431, 13.1257, -21.3401, 2.50101)
light_energy = 3.0
shadow_enabled = true

[node name="Enviroment" type="Node3D" parent="Village3D"]

[node name="Ground" parent="Village3D/Enviroment" instance=ExtResource("15_bgger")]
transform = Transform3D(1, 0, 0, 0, 1, 0, 0, 0, 1, 28.5872, -0.531128, -2.64245)

[node name="Waterplane" type="MeshInstance3D" parent="Village3D/Enviroment"]
transform = Transform3D(0.6413, 0, 0.126027, 0, 1, 0, -0.0855678, 0, 0.944527, 29.751, -0.192017, 103.018)
mesh = SubResource("PlaneMesh_oi706")
skeleton = NodePath("../..")
surface_material_override/0 = SubResource("ShaderMaterial_334sp")

[node name="woodpost" parent="Village3D/Enviroment" instance=ExtResource("9_o3a76")]
transform = Transform3D(0.642574, 0, 0.766224, 0, 1, 0, -0.766224, 0, 0.642574, 21.3056, -0.302331, -6.25141)

[node name="woodpost2" parent="Village3D/Enviroment" instance=ExtResource("9_o3a76")]
transform = Transform3D(-0.390731, 0, 0.920505, 0, 1, 0, -0.920505, 0, -0.390731, 33.0129, -0.302331, 47.0791)

[node name="Buildings" type="Node3D" parent="Village3D/Enviroment"]

[node name="villageporch" parent="Village3D/Enviroment/Buildings" instance=ExtResource("4_d7lfj")]
transform = Transform3D(-4.37114e-08, 0, 1, 0, 1, 0, -1, 0, -4.37114e-08, -5.39889, 0.126289, 1)

[node name="VillageHouseGreen" parent="Village3D/Enviroment/Buildings/villageporch" instance=ExtResource("5_xgecv")]
transform = Transform3D(1, 0, 0, 0, 1, 0, 0, 0, 1, 3.13644, 2.46336, -0.200328)

[node name="Crate" parent="Village3D/Enviroment/Buildings/villageporch/VillageHouseGreen" instance=ExtResource("6_ptiao")]
transform = Transform3D(1, 0, 0, 0, 1, 0, 0, 0, 1, -6.70866, -0.0767541, -1.31783)

[node name="Crate4" parent="Village3D/Enviroment/Buildings/villageporch/VillageHouseGreen/Crate" instance=ExtResource("6_ptiao")]
transform = Transform3D(1, 0, 0, 0, 1, 0, 0, 0, 1, -0.390471, 1.00136, -0.515475)

[node name="Crate3" parent="Village3D/Enviroment/Buildings/villageporch/VillageHouseGreen/Crate" instance=ExtResource("6_ptiao")]
transform = Transform3D(1, 0, 0, 0, 1, 0, 0, 0, 1, -1.0882, 0, -0.723562)

[node name="Crate2" parent="Village3D/Enviroment/Buildings/villageporch/VillageHouseGreen/Crate" instance=ExtResource("6_ptiao")]
transform = Transform3D(1, 0, 0, 0, 1, 0, 0, 0, 1, -0.00185752, 0, -1.12904)

[node name="VillageHouseGreen" parent="Village3D/Enviroment/Buildings" instance=ExtResource("5_xgecv")]
transform = Transform3D(1, 0, 0, 0, 1, 0, 0, 0, 1, 21.5698, 0.285965, -36.7877)

[node name="Crate3" parent="Village3D/Enviroment/Buildings/VillageHouseGreen" instance=ExtResource("6_ptiao")]
transform = Transform3D(-4.37114e-08, 0, 1, 0, 1, 0, -1, 0, -4.37114e-08, 2.0029, 0.23215, -5.3444)

[node name="Crate4" parent="Village3D/Enviroment/Buildings/VillageHouseGreen/Crate3" instance=ExtResource("6_ptiao")]
transform = Transform3D(1, 0, 0, 0, 1, 0, 0, 0, 1, -0.390472, 1.00136, -0.718264)

[node name="Crate3" parent="Village3D/Enviroment/Buildings/VillageHouseGreen/Crate3" instance=ExtResource("6_ptiao")]
transform = Transform3D(1, 0, 0, 0, 1, 0, 0, 0, 1, -1.11108, 0, -0.723562)

[node name="Crate2" parent="Village3D/Enviroment/Buildings/VillageHouseGreen/Crate3" instance=ExtResource("6_ptiao")]
transform = Transform3D(1, 0, 0, 0, 1, 0, 0, 0, 1, 0.37075, 0, -1.12904)

[node name="fence2" parent="Village3D/Enviroment/Buildings/VillageHouseGreen" instance=ExtResource("20_aqiw1")]
transform = Transform3D(1, 0, 0, 0, 1, 0, 0, 0, 1, 7.7298, 0.382126, -6.8124)

[node name="fence3" parent="Village3D/Enviroment/Buildings/VillageHouseGreen" instance=ExtResource("20_aqiw1")]
transform = Transform3D(1, 0, 0, 0, 1, 0, 0, 0, 1, 1.9653, 0.382126, -6.8124)

[node name="fence4" parent="Village3D/Enviroment/Buildings/VillageHouseGreen" instance=ExtResource("20_aqiw1")]
transform = Transform3D(-4.37114e-08, 0, 1, 0, 1, 0, -1, 0, -4.37114e-08, 11.0925, 0.069509, -3.8377)

[node name="fence7" parent="Village3D/Enviroment/Buildings/VillageHouseGreen" instance=ExtResource("20_aqiw1")]
transform = Transform3D(-4.37114e-08, 0, 1, 0, 1, 0, -1, 0, -4.37114e-08, -0.9809, 0.069509, -3.8377)

[node name="fence5" parent="Village3D/Enviroment/Buildings/VillageHouseGreen" instance=ExtResource("20_aqiw1")]
transform = Transform3D(-4.37114e-08, 0, 1, 0, 1, 0, -1, 0, -4.37114e-08, 11.0925, -0.067447, 1.8176)

[node name="fence6" parent="Village3D/Enviroment/Buildings/VillageHouseGreen" instance=ExtResource("20_aqiw1")]
transform = Transform3D(1, 0, 0, 0, 1, 0, 0, 0, 1, 7.8622, -0.067447, 4.235)

[node name="pumpkin" parent="Village3D/Enviroment/Buildings/VillageHouseGreen" instance=ExtResource("21_r7eor")]
transform = Transform3D(1, 0, 0, 0, 1, 0, 0, 0, 1, 8.664, 0.761915, -4.4206)

[node name="pumpkin2" parent="Village3D/Enviroment/Buildings/VillageHouseGreen" instance=ExtResource("21_r7eor")]
transform = Transform3D(0.470673, 0, -0.882308, 0, 1, 0, 0.882308, 0, 0.470673, 8.664, 0.761915, -0.883801)

[node name="pumpkin3" parent="Village3D/Enviroment/Buildings/VillageHouseGreen" instance=ExtResource("21_r7eor")]
transform = Transform3D(0.67769, 0, -0.425131, 0, 0.8, 0, 0.425131, 0, 0.67769, 6.2792, 0.761915, -2.432)

[node name="Flowers" type="Node3D" parent="Village3D/Enviroment/Buildings/VillageHouseGreen"]
transform = Transform3D(1, 0, 0, 0, 1, 0, 0, 0, 1, -21.5698, -0.285965, 36.7877)

[node name="flowers13" parent="Village3D/Enviroment/Buildings/VillageHouseGreen/Flowers" instance=ExtResource("25_k8ked")]
transform = Transform3D(0.956279, 0.088848, 0.278632, 0, 0.952736, -0.3038, -0.292455, 0.290518, 0.911081, 27.9821, 0.900259, -31.9217)

[node name="flowers14" parent="Village3D/Enviroment/Buildings/VillageHouseGreen/Flowers" instance=ExtResource("25_k8ked")]
transform = Transform3D(0.727689, 0.208379, 0.653488, -7.12484e-09, 0.952736, -0.3038, -0.685907, 0.221072, 0.693295, 29.0182, 0.900259, -31.9217)

[node name="flowers16" parent="Village3D/Enviroment/Buildings/VillageHouseGreen/Flowers" instance=ExtResource("25_k8ked")]
transform = Transform3D(0.727689, 0.208379, 0.653488, -7.12484e-09, 0.952736, -0.3038, -0.685907, 0.221072, 0.693295, 31.2881, 0.900259, -31.9217)

[node name="flowers17" parent="Village3D/Enviroment/Buildings/VillageHouseGreen/Flowers" instance=ExtResource("25_k8ked")]
transform = Transform3D(0.931799, 0.110272, 0.345819, -1.73456e-08, 0.952736, -0.3038, -0.362975, 0.283081, 0.887758, 32.5083, 0.900259, -31.9217)

[node name="flowers15" parent="Village3D/Enviroment/Buildings/VillageHouseGreen/Flowers" instance=ExtResource("25_k8ked")]
transform = Transform3D(0.970679, 0.0730277, 0.229019, -1.73456e-08, 0.952736, -0.3038, -0.24038, 0.294892, 0.9248, 30.1839, 0.900259, -31.9217)

[node name="landbump2" parent="Village3D/Enviroment/Buildings/VillageHouseGreen" instance=ExtResource("22_3veji")]
transform = Transform3D(-0.0548244, 0.0131251, 1.26912, 0.00180764, 0.43375, -0.0383904, -0.908144, 7.10182e-05, -0.0766926, 7.1582, -0.210702, 0.166401)

[node name="landbump5" parent="Village3D/Enviroment/Buildings/VillageHouseGreen" instance=ExtResource("22_3veji")]
transform = Transform3D(0.119525, 0.0134122, 1.34651, 0.00364144, 0.447061, -0.0407438, -1.82886, 0.0017667, 0.0879203, 7.5956, -0.280659, -2.3754)

[node name="landbump6" parent="Village3D/Enviroment/Buildings/VillageHouseGreen" instance=ExtResource("22_3veji")]
transform = Transform3D(-0.0147377, 0.0135056, 1.34933, 0.00364144, 0.447061, -0.0407438, -1.8327, 0.000779672, -0.0109316, 6.5693, -0.280659, -2.0658)

[node name="landbump3" parent="Village3D/Enviroment/Buildings/VillageHouseGreen" instance=ExtResource("22_3veji")]
transform = Transform3D(0.909799, 0, 0, 0, 0.433949, 0, 0, 0, 1.27201, 5.3454, -0.210702, -0.344601)

[node name="landbump4" parent="Village3D/Enviroment/Buildings/VillageHouseGreen" instance=ExtResource("22_3veji")]
transform = Transform3D(0.11554, 0, -1.26171, 0, 0.433949, 0, 0.902433, 0, 0.16154, 7.3613, -0.477028, 0.684402)

[node name="VillageHouseGreen3" parent="Village3D/Enviroment/Buildings" instance=ExtResource("5_xgecv")]
transform = Transform3D(0.556818, 0, 0.830635, 0, 1, 0, -0.830635, 0, 0.556818, 2.63279, 0.244121, -23.1505)

[node name="VillageHouseGreen2" parent="Village3D/Enviroment/Buildings" instance=ExtResource("5_xgecv")]
transform = Transform3D(0.589267, 0, -0.807939, 0, 1, 0, 0.807939, 0, 0.589267, 52.2227, 0.285965, -25.619)

[node name="Crate2" parent="Village3D/Enviroment/Buildings/VillageHouseGreen2" instance=ExtResource("6_ptiao")]
transform = Transform3D(-0.807938, 0, 0.589266, 0, 1, 0, -0.589266, 0, -0.807938, 5.42239, -0.09713, 1.48258)

[node name="Crate4" parent="Village3D/Enviroment/Buildings/VillageHouseGreen2/Crate2" instance=ExtResource("6_ptiao")]
transform = Transform3D(1, 0, 0, 0, 1, 0, 0, 0, 1, -0.390471, 1.00136, -0.515475)

[node name="Crate3" parent="Village3D/Enviroment/Buildings/VillageHouseGreen2/Crate2" instance=ExtResource("6_ptiao")]
transform = Transform3D(1, 0, 0, 0, 1, 0, 0, 0, 1, -1.0882, 0, -0.723562)

[node name="Crate2" parent="Village3D/Enviroment/Buildings/VillageHouseGreen2/Crate2" instance=ExtResource("6_ptiao")]
transform = Transform3D(1, 0, 0, 0, 1, 0, 0, 0, 1, -0.00185752, 0, -1.12904)

[node name="wizardtower" parent="Village3D/Enviroment/Buildings" instance=ExtResource("14_0b5bq")]
transform = Transform3D(0.930302, 0, -0.366794, 0, 1, 0, 0.366794, 0, 0.930302, 53.437, 4.13872, -52.885)

[node name="woodplank" parent="Village3D/Enviroment/Buildings/wizardtower" instance=ExtResource("17_srh32")]
transform = Transform3D(0.994521, -0.0447432, -0.0944793, 0.0126144, 0.948535, -0.316421, 0.103775, 0.313496, 0.943903, -0.138674, -0.73824, 4.84903)

[node name="woodplank2" parent="Village3D/Enviroment/Buildings/wizardtower" instance=ExtResource("17_srh32")]
transform = Transform3D(0.987674, -0.0246061, -0.15458, -0.0257579, 0.948553, -0.315567, 0.154392, 0.315659, 0.936228, -0.964231, -1.91621, 7.55268)

[node name="woodplank3" parent="Village3D/Enviroment/Buildings/wizardtower" instance=ExtResource("17_srh32")]
transform = Transform3D(0.971303, -0.113144, -0.209213, 0.0490329, 0.955966, -0.289352, 0.232738, 0.27079, 0.934081, -1.79349, -2.95825, 10.3669)

[node name="woodplank4" parent="Village3D/Enviroment/Buildings/wizardtower" instance=ExtResource("17_srh32")]
transform = Transform3D(0.951378, -0.15098, -0.268486, 0.0832206, 0.965209, -0.247881, 0.296571, 0.213485, 0.930844, -3.31559, -3.44876, 14.1938)

[node name="Dock" parent="Village3D/Enviroment/Buildings" instance=ExtResource("11_bj183")]
transform = Transform3D(-4.37114e-08, 0, 1, 0, 1, 0, -1, 0, -4.37114e-08, 37.3818, -2.59368, 63.6558)

[node name="Dock2" parent="Village3D/Enviroment/Buildings/Dock" instance=ExtResource("11_bj183")]
transform = Transform3D(-4.37114e-08, 0, -1, 0, 1, 0, 1, 0, -4.37114e-08, 2.1264, 0, 6.01232)

[node name="Boat" parent="Village3D/Enviroment/Buildings/Dock" instance=ExtResource("12_s0wxh")]
transform = Transform3D(1.5, 0, 0, 0, 1.5, 0, 0, 0, 1.5, -3.12441, 2.47722, 4.25307)

[node name="Boat2" parent="Village3D/Enviroment/Buildings/Dock/Boat" instance=ExtResource("12_s0wxh")]
transform = Transform3D(1, 0, 0, 0, 1, 0, 0, 0, 1, 0, -2.98023e-08, 2.29294)

[node name="Crate" parent="Village3D/Enviroment/Buildings/Dock" instance=ExtResource("6_ptiao")]
transform = Transform3D(-4.37114e-08, 0, -1, 0, 1, 0, 1, 0, -4.37114e-08, -3.8266, 2.84041, -0.856833)

[node name="Crate2" parent="Village3D/Enviroment/Buildings/Dock/Crate" instance=ExtResource("6_ptiao")]
transform = Transform3D(0.964058, 0, -0.265691, 0, 1, 0, 0.265691, 0, 0.964058, 0, 0, -1.1513)

[node name="Crate3" parent="Village3D/Enviroment/Buildings/Dock/Crate/Crate2" instance=ExtResource("6_ptiao")]
transform = Transform3D(0.727018, 0, 0.686619, 0, 1, 0, -0.686619, 0, 0.727018, 0.138319, 0.98165, 0.501888)

[node name="stool" parent="Village3D/Enviroment/Buildings/Dock" instance=ExtResource("10_00iby")]
transform = Transform3D(1, 0, -7.35137e-08, 0, 1, 0, 7.35137e-08, 0, 1, 2.3412, 2.87761, 12.3571)

[node name="Dock3" parent="Village3D/Enviroment/Buildings/Dock" instance=ExtResource("11_bj183")]
transform = Transform3D(1, 0, 0, 0, 1, 0, 0, 0, 1, -0.0170612, 0, 11.7701)

[node name="Crate4" parent="Village3D/Enviroment/Buildings/Dock" instance=ExtResource("6_ptiao")]
transform = Transform3D(-4.37114e-08, 0, -1, 0, 1, 0, 1, 0, -4.37114e-08, 5.9707, 2.76541, -8.3949)

[node name="Crate2" parent="Village3D/Enviroment/Buildings/Dock/Crate4" instance=ExtResource("6_ptiao")]
transform = Transform3D(0.992749, 0, -0.120206, 0, 1, 0, 0.120206, 0, 0.992749, 0, 0, -1.1513)

[node name="Crate3" parent="Village3D/Enviroment/Buildings/Dock/Crate4/Crate2" instance=ExtResource("6_ptiao")]
transform = Transform3D(0.999717, 0, -0.0238033, 0, 1, 0, 0.0238033, 0, 0.999717, 0.138317, 0.98165, 0.501888)

[node name="stool2" parent="Village3D/Enviroment/Buildings/Dock/Crate4/Crate2" instance=ExtResource("10_00iby")]
transform = Transform3D(0.996459, 0, 0.0840779, 0, 1, 0, -0.0840779, 0, 0.996459, 2.34903, -0.0194693, -6.39008)

[node name="fishinghut" parent="Village3D/Enviroment/Buildings/Dock" instance=ExtResource("19_v5nkv")]
transform = Transform3D(1.5, 0, 0, 0, 1.5, 0, 0, 0, 1.5, 10.2063, 2.98454, -7.4673)

[node name="fence" parent="Village3D/Enviroment/Buildings/Dock/fishinghut" instance=ExtResource("20_aqiw1")]
transform = Transform3D(-0.659733, 0, -0.0959033, 0, 0.666667, 0, 0.0959033, 0, -0.659733, -4.5046, -0.130058, 1.84753)

[node name="well" parent="Village3D/Enviroment/Buildings" instance=ExtResource("23_3no2e")]
transform = Transform3D(0.974695, 0, 0.223539, 0, 1, 0, -0.223539, 0, 0.974695, 24.5604, -5.60284e-05, -9.64467)

[node name="campfire" parent="Village3D/Enviroment/Buildings" instance=ExtResource("24_flb3y")]
transform = Transform3D(-0.592477, 0, 0.805587, 0, 1, 0, -0.805587, 0, -0.592477, 2.41711, -0.0786896, 12.0722)

[node name="Rocks" type="Node3D" parent="Village3D/Enviroment"]
transform = Transform3D(-15.1502, 0, 1.97259, 0, 15.9346, 0, -2.34945, 0, -12.7201, 86.6786, 9.82254, -65.3529)

[node name="smallrock19" parent="Village3D/Enviroment/Rocks" instance=ExtResource("16_y0pr7")]
transform = Transform3D(1, 0, -1.49012e-08, 0, 1, 0, 0, 0, 1, 0, 0, 0)

[node name="smallrock18" parent="Village3D/Enviroment/Rocks" instance=ExtResource("16_y0pr7")]
transform = Transform3D(-1.55116, 0, 0.241225, 0, 1.2439, 0, -0.466803, 0, -1.13711, 1.65933, 0, 0.199087)

[node name="smallrock" parent="Village3D/Enviroment/Rocks" instance=ExtResource("16_y0pr7")]
transform = Transform3D(-0.758811, 0, -0.0817472, 0, 1.2439, 0, 0.140155, 0, -0.627848, 2.93675, 0, -0.0368576)

[node name="smallrock4" parent="Village3D/Enviroment/Rocks" instance=ExtResource("16_y0pr7")]
transform = Transform3D(-0.0359634, 0, 0.839062, 0, 1.00001, 0, -1.19027, 0, -0.0359647, 7.44099, 0, -2.29097)

[node name="smallrock3" parent="Village3D/Enviroment/Rocks" instance=ExtResource("16_y0pr7")]
transform = Transform3D(-0.335889, 0, -0.962774, 0, 1.2439, 0, 1.8631, 0, -0.246231, 7.54835, 0, -4.27318)

[node name="smallrock14" parent="Village3D/Enviroment/Rocks" instance=ExtResource("16_y0pr7")]
transform = Transform3D(0.982473, 0, 0.156506, 0, 1.00001, 0, -0.222016, 0, 0.982476, 5.97674, 0, -0.100874)

[node name="smallrock15" parent="Village3D/Enviroment/Rocks" instance=ExtResource("16_y0pr7")]
transform = Transform3D(-1.24146, 0, -0.621144, 0, 1.2439, 0, 1.20201, 0, -0.910076, 7.12533, 0, -0.392332)

[node name="smallrock16" parent="Village3D/Enviroment/Rocks" instance=ExtResource("16_y0pr7")]
transform = Transform3D(-1.44517, 0.0960137, -0.418712, 0.0700068, 1.60887, 0.0359562, 0.81299, 0.0298121, -1.0606, 4.26327, 0, 0.136302)

[node name="smallrock2" parent="Village3D/Enviroment/Rocks" instance=ExtResource("16_y0pr7")]
transform = Transform3D(0.144887, 0, -0.52386, 0, 1.2439, 0, 0.898153, 0, 0.119882, 7.30445, -0.117209, -5.78518)

[node name="smallrock5" parent="Village3D/Enviroment/Rocks" instance=ExtResource("16_y0pr7")]
transform = Transform3D(-0.0359634, 0, 0.839062, 0, 1.00001, 0, -1.19027, 0, -0.0359647, 7.7151, 0, -7.30723)

[node name="smallrock6" parent="Village3D/Enviroment/Rocks" instance=ExtResource("16_y0pr7")]
transform = Transform3D(0.772503, 0, -0.862328, 0, 1.2439, 0, 1.66872, 0, 0.566295, 7.25281, 0, -9.31937)

[node name="smallrock7" parent="Village3D/Enviroment/Rocks" instance=ExtResource("16_y0pr7")]
transform = Transform3D(0.144887, 0, -0.52386, 0, 1.2439, 0, 0.898153, 0, 0.119882, 6.8893, -0.117209, -11.0691)

[node name="smallrock17" parent="Village3D/Enviroment/Rocks" instance=ExtResource("16_y0pr7")]
transform = Transform3D(0.208831, 0, -1.36221, 0, 1.72218, 0, 1.29454, 0, 0.311731, 6.37054, -0.64474, -11.7912)

[node name="smallrock20" parent="Village3D/Enviroment/Rocks" instance=ExtResource("16_y0pr7")]
transform = Transform3D(-0.153912, 0, 0.870362, 0, 1.23472, 0, -0.947225, 0, -0.200621, 5.04588, -0.8234, -11.5465)

[node name="smallrock21" parent="Village3D/Enviroment/Rocks" instance=ExtResource("16_y0pr7")]
transform = Transform3D(-0.344663, 0, -0.676026, 0, 0.625898, 0, 0.735726, 0, -0.44926, 4.26716, -0.8234, -11.4027)

[node name="smallrock8" parent="Village3D/Enviroment/Rocks" instance=ExtResource("16_y0pr7")]
transform = Transform3D(-0.0359634, 0, 0.839062, 0, 1.00001, 0, -1.19027, 0, -0.0359647, -0.986137, 0, -0.734453)

[node name="smallrock9" parent="Village3D/Enviroment/Rocks" instance=ExtResource("16_y0pr7")]
transform = Transform3D(-0.438635, 0, -0.94699, 0, 1.2439, 0, 1.83256, 0, -0.321548, -1.17704, -0.43138, -2.66157)

[node name="smallrock10" parent="Village3D/Enviroment/Rocks" instance=ExtResource("16_y0pr7")]
transform = Transform3D(0.144887, 0, -0.52386, 0, 1.2439, 0, 0.898153, 0, 0.119882, -1.40962, -0.354567, -4.17566)

[node name="smallrock11" parent="Village3D/Enviroment/Rocks" instance=ExtResource("16_y0pr7")]
transform = Transform3D(-0.624643, 0, 0.655656, 0, 1.00001, 0, -0.930097, 0, -0.624649, -1.60102, -0.437421, -5.58651)

[node name="smallrock12" parent="Village3D/Enviroment/Rocks" instance=ExtResource("16_y0pr7")]
transform = Transform3D(0.358762, 0, -0.959645, 0, 1.2439, 0, 1.85705, 0, 0.262995, -1.655, -0.847506, -6.91362)

[node name="smallrock13" parent="Village3D/Enviroment/Rocks" instance=ExtResource("16_y0pr7")]
transform = Transform3D(-0.309384, 0, -0.488228, 0, 1.2439, 0, 0.837063, 0, -0.255987, -1.54961, -0.800603, -8.90379)

[node name="Bushes" type="Node3D" parent="Village3D/Enviroment"]
transform = Transform3D(0.160191, 0, 0.987086, -0.121424, 0.992405, 0.0197055, -0.979589, -0.123013, 0.158975, -5.15519, 0.950516, -10.3647)

[node name="bush" parent="Village3D/Enviroment/Bushes" instance=ExtResource("18_f6i1u")]
transform = Transform3D(1, 0, 1.49012e-08, 7.45058e-09, 1, 0, 0, 0, 1, 0, 0, 0)

[node name="bush4" parent="Village3D/Enviroment/Bushes" instance=ExtResource("18_f6i1u")]
transform = Transform3D(1.48607, 0.13699, -0.0272473, -0.14359, 1.4082, -0.333891, -0.00464357, 0.295366, 1.60452, -34.7966, -3.50079, 7.03026)

[node name="bush9" parent="Village3D/Enviroment/Bushes" instance=ExtResource("18_f6i1u")]
transform = Transform3D(-1.26335, -0.327321, 0.790673, -0.467296, 1.36416, -0.173656, -0.643913, -0.347794, -1.42526, -20.3176, -4.96729, 69.3884)

[node name="bush5" parent="Village3D/Enviroment/Bushes" instance=ExtResource("18_f6i1u")]
transform = Transform3D(-0.982965, -0.758068, -0.88488, -1.0183, 1.03931, 0.218337, 0.475261, 0.658945, -1.36235, -21.4394, -1.41606, -0.303057)

[node name="bush6" parent="Village3D/Enviroment/Bushes" instance=ExtResource("18_f6i1u")]
transform = Transform3D(-0.650075, -0.0748113, 1.47314, 0.149129, 1.43003, 0.17272, -1.33573, 0.196067, -0.697662, -19.1205, -1.91491, 2.2573)

[node name="bush7" parent="Village3D/Enviroment/Bushes" instance=ExtResource("18_f6i1u")]
transform = Transform3D(-0.982965, -0.758068, -0.88488, -1.0183, 1.03931, 0.218337, 0.475261, 0.658945, -1.36235, 4.31855, -0.899685, 60.0629)

[node name="bush8" parent="Village3D/Enviroment/Bushes" instance=ExtResource("18_f6i1u")]
transform = Transform3D(-0.650075, -0.0748113, 1.47314, 0.149129, 1.43003, 0.17272, -1.33573, 0.196067, -0.697662, 6.63748, -1.39853, 62.6232)

[node name="bush19" parent="Village3D/Enviroment/Bushes" instance=ExtResource("18_f6i1u")]
transform = Transform3D(-0.650075, -0.0748113, 1.47314, 0.149129, 1.43003, 0.17272, -1.33573, 0.196067, -0.697662, -16.3679, -4.70081, 87.1744)

[node name="bush13" parent="Village3D/Enviroment/Bushes" instance=ExtResource("18_f6i1u")]
transform = Transform3D(-0.982965, -0.758068, -0.88488, -1.0183, 1.03931, 0.218337, 0.475261, 0.658945, -1.36235, -39.7991, -6.19958, 24.0213)

[node name="bush14" parent="Village3D/Enviroment/Bushes" instance=ExtResource("18_f6i1u")]
transform = Transform3D(-0.650075, -0.0748113, 1.47314, 0.149129, 1.43003, 0.17272, -1.33573, 0.196067, -0.697662, -37.4802, -6.69843, 26.5817)

[node name="bush23" parent="Village3D/Enviroment/Bushes" instance=ExtResource("18_f6i1u")]
transform = Transform3D(1.2366, -0.119842, 0.908341, 0.170573, 1.43553, -0.0363115, -0.818998, 0.11803, 1.36394, -36.9951, -7.02928, 65.5142)

[node name="bush15" parent="Village3D/Enviroment/Bushes" instance=ExtResource("18_f6i1u")]
transform = Transform3D(-0.666083, -0.0412185, 1.46621, 0.329306, 1.39499, 0.230754, -1.29495, 0.375948, -0.695485, -43.1408, 0.798831, -2.49699)

[node name="bush22" parent="Village3D/Enviroment/Bushes" instance=ExtResource("18_f6i1u")]
transform = Transform3D(-1.96294, 0.269615, -0.290672, 0.270253, 1.94249, 0.0582434, 0.2686, 0.015928, -2.18284, -52.8905, -6.69585, 13.8229)

[node name="bush10" parent="Village3D/Enviroment/Bushes" instance=ExtResource("18_f6i1u")]
transform = Transform3D(-0.622649, -1.03336, -0.919821, -1.29137, 0.725345, 0.00563684, 0.416786, 0.703622, -1.35668, 48.4615, 9.32059, 42.4262)

[node name="bush20" parent="Village3D/Enviroment/Bushes" instance=ExtResource("18_f6i1u")]
transform = Transform3D(0.804898, -0.175501, -1.36609, 0.0735564, 1.43437, -0.184754, 1.25529, 0.0284815, 0.886766, 23.1679, 0.710084, 58.7619)

[node name="bush11" parent="Village3D/Enviroment/Bushes" instance=ExtResource("18_f6i1u")]
transform = Transform3D(-0.571049, -0.542286, 1.384, -0.643657, 1.27297, 0.321373, -1.22009, -0.417742, -0.8173, 50.4833, 9.99967, 45.0101)

[node name="bush16" parent="Village3D/Enviroment/Bushes" instance=ExtResource("18_f6i1u")]
transform = Transform3D(1.32243, -0.444831, 0.569491, 0.460267, 1.37263, 0.090649, -0.518034, 0.0840105, 1.53433, 51.8869, 9.96936, 55.1207)

[node name="bush12" parent="Village3D/Enviroment/Bushes" instance=ExtResource("18_f6i1u")]
transform = Transform3D(0.975943, -0.728274, -0.9255, -0.375946, 0.807625, -1.29517, 1.06547, 0.952047, 0.390736, 51.7095, 10.8732, 46.0908)

[node name="bush2" parent="Village3D/Enviroment/Bushes" instance=ExtResource("18_f6i1u")]
transform = Transform3D(0.799027, -0.121424, 0.588907, 0.109503, 0.992405, 0.0560455, -0.591239, 0.0197056, 0.806255, 27.0728, 1.90962, 18.4716)

[node name="bush24" parent="Village3D/Enviroment/Bushes" instance=ExtResource("18_f6i1u")]
transform = Transform3D(0.674295, -0.121424, 0.728411, 0.0970382, 0.992405, 0.0756021, -0.732058, 0.0197056, 0.680957, 16.2028, 0.773082, 8.72985)

[node name="bush3" parent="Village3D/Enviroment/Bushes" instance=ExtResource("18_f6i1u")]
transform = Transform3D(-1.37158, -0.173665, 0.000791207, -0.16773, 1.41937, 0.020836, -0.00438493, 0.0281835, -1.04446, 30.4663, 2.3402, 17.697)

[node name="bush17" parent="Village3D/Enviroment/Bushes" instance=ExtResource("18_f6i1u")]
transform = Transform3D(0.595927, -0.121424, -0.793806, 0.0570084, 0.992405, -0.109005, 0.801013, 0.0197056, 0.598322, 39.1942, 4.55153, 23.1931)

[node name="bush18" parent="Village3D/Enviroment/Bushes" instance=ExtResource("18_f6i1u")]
transform = Transform3D(-0.0110425, -0.173665, 1.03691, 0.0260806, 1.41937, 0.126986, -1.38151, 0.0281835, -0.00588924, 39.5707, 4.53743, 26.2227)

[node name="bush21" parent="Village3D/Enviroment/Bushes" instance=ExtResource("18_f6i1u")]
transform = Transform3D(0.817989, -0.212277, 0.82756, 0.149691, 1.41396, 0.108935, -1.10357, 0.0344498, 0.628183, 53.2279, 17.1243, 16.8032)

[node name="Flowers" type="Node3D" parent="Village3D/Enviroment"]
transform = Transform3D(0.849672, 0.0471042, 0.525204, -2.66221e-09, 0.996002, -0.0893289, -0.527312, 0.0759002, 0.846275, 55.9165, 0.638754, 13.5269)

[node name="flowers" parent="Village3D/Enviroment/Flowers" instance=ExtResource("25_k8ked")]
transform = Transform3D(1, 0, -2.98023e-08, 0, 1, 0, 2.98023e-08, -7.45058e-09, 1, 0, 0, 0)

[node name="flowers4" parent="Village3D/Enviroment/Flowers" instance=ExtResource("25_k8ked")]
transform = Transform3D(0.976069, 0.0194256, 0.216592, -0.0194256, 0.999809, -0.00212923, -0.216593, -0.00212919, 0.976259, 0.963387, 0.0882497, 0.983963)

[node name="flowers2" parent="Village3D/Enviroment/Flowers" instance=ExtResource("25_k8ked")]
transform = Transform3D(0.785371, 0.0552968, 0.616551, -0.0552969, 0.998287, -0.0190959, -0.616551, -0.0190959, 0.787084, -0.579018, 0.156373, 1.74353)

[node name="flowers3" parent="Village3D/Enviroment/Flowers" instance=ExtResource("25_k8ked")]
transform = Transform3D(0.128173, 0.0885921, 0.987787, -0.0885922, 0.993043, -0.0775681, -0.987787, -0.077568, 0.135129, -0.819496, 0.0608163, 0.678093)

[node name="flowers9" parent="Village3D/Enviroment/Flowers" instance=ExtResource("25_k8ked")]
transform = Transform3D(1, 0, -2.98023e-08, 0, 1, 0, 2.98023e-08, -7.45058e-09, 1, 2.44028, 0.0613861, 0.684441)

[node name="flowers10" parent="Village3D/Enviroment/Flowers" instance=ExtResource("25_k8ked")]
transform = Transform3D(0.976069, 0.0194256, 0.216592, -0.0194256, 0.999809, -0.00212923, -0.216593, -0.00212919, 0.976259, 3.04668, 0.129835, 1.44763)

[node name="flowers11" parent="Village3D/Enviroment/Flowers" instance=ExtResource("25_k8ked")]
transform = Transform3D(0.785371, 0.0552968, 0.616551, -0.0552969, 0.998287, -0.0190959, -0.616551, -0.0190959, 0.787084, 1.57248, 0.192529, 2.14667)

[node name="flowers12" parent="Village3D/Enviroment/Flowers" instance=ExtResource("25_k8ked")]
transform = Transform3D(0.128173, 0.0885921, 0.987787, -0.0885922, 0.993043, -0.0775681, -0.987787, -0.077568, 0.135129, 0.16016, 0.202577, 2.25869)

[node name="flowers5" parent="Village3D/Enviroment/Flowers" instance=ExtResource("25_k8ked")]
transform = Transform3D(0.975576, 0.0196218, 0.21878, -0.0196219, 0.999805, -0.00217297, -0.218781, -0.00217293, 0.975772, 2.02564, -0.143828, -1.60367)

[node name="flowers6" parent="Village3D/Enviroment/Flowers" instance=ExtResource("25_k8ked")]
transform = Transform3D(0.904463, 0.0381034, 0.424847, -0.0381035, 0.999238, -0.00850015, -0.424848, -0.00850014, 0.905225, 3.10449, -0.0642538, -0.716427)

[node name="flowers7" parent="Village3D/Enviroment/Flowers" instance=ExtResource("25_k8ked")]
transform = Transform3D(0.630216, 0.0693568, 0.773316, -0.0693568, 0.997049, -0.0329004, -0.773316, -0.0329004, 0.633167, 1.56541, -0.0381465, -0.425331)

[node name="flowers8" parent="Village3D/Enviroment/Flowers" instance=ExtResource("25_k8ked")]
transform = Transform3D(-0.0928047, 0.0889433, 0.991704, -0.0889434, 0.99128, -0.0972289, -0.991704, -0.0972287, -0.0840851, 0.502384, -0.106888, -1.19178)

[node name="Trees(All)" type="Node3D" parent="Village3D/Enviroment"]
transform = Transform3D(1, 0, 0, 0, 1, 0, 0, 0, 1, 0, 48.3047, 0)

[node name="smalltree" parent="Village3D/Enviroment/Trees(All)" instance=ExtResource("7_hbwc6")]
transform = Transform3D(3, 0, 0, 0, 3, 0, 0, 0, 3, -12.9527, -45.7511, 5.3253)

[node name="smalltree2" parent="Village3D/Enviroment/Trees(All)" instance=ExtResource("7_hbwc6")]
transform = Transform3D(3.52185, 0, 1.89648, -0.0784242, 3.99657, 0.145637, -1.89486, -0.16541, 3.51884, -17.214, -44.147, -7.28049)

[node name="smalltree3" parent="Village3D/Enviroment/Trees(All)" instance=ExtResource("7_hbwc6")]
transform = Transform3D(2.64139, 0, 1.42236, 0, 4.92671, 0, -1.42236, 0, 2.64139, -5.86529, -47.7771, -15.4221)

[node name="smalltree4" parent="Village3D/Enviroment/Trees(All)" instance=ExtResource("7_hbwc6")]
transform = Transform3D(-0.256179, 0, 4.99343, 0, 7.66339, 0, -4.99343, 0, -0.256179, -28.3515, -42.763, 6.60785)

[node name="smalltree5" parent="Village3D/Enviroment/Trees(All)" instance=ExtResource("7_hbwc6")]
transform = Transform3D(3.52185, 0, 1.89648, 0, 4, 0, -1.89648, 0, 3.52185, -17.0383, -46.2431, -33.4527)

[node name="smalltree6" parent="Village3D/Enviroment/Trees(All)" instance=ExtResource("7_hbwc6")]
transform = Transform3D(-0.25619, 0, 4.99345, 0, 5, 0, -4.99345, 0, -0.25619, -23.9094, -42.8139, 24.6442)

[node name="smalltree7" parent="Village3D/Enviroment/Trees(All)" instance=ExtResource("7_hbwc6")]
transform = Transform3D(3.00001, 0, -6.70552e-07, 0, 4.16598, 0, 6.70552e-07, 0, 3.00001, -1.88344, -48.3648, 19.2435)

[node name="smalltree8" parent="Village3D/Enviroment/Trees(All)" instance=ExtResource("7_hbwc6")]
transform = Transform3D(-0.25619, 0, 4.99345, 0, 5, 0, -4.99345, 0, -0.25619, -18.9329, -39.974, 54.534)

[node name="smalltree9" parent="Village3D/Enviroment/Trees(All)" instance=ExtResource("7_hbwc6")]
transform = Transform3D(-0.25619, 0, 4.99345, 0, 6.26288, 0, -4.99345, 0, -0.25619, -9.92777, -44.4382, 40.9945)

[node name="smalltree10" parent="Village3D/Enviroment/Trees(All)" instance=ExtResource("7_hbwc6")]
transform = Transform3D(0.882656, 0, -3.90141, 0, 3.99999, 0, 3.90141, 0, 0.882656, 50.0975, -37.6636, -64.5199)

[node name="smalltree11" parent="Village3D/Enviroment/Trees(All)" instance=ExtResource("7_hbwc6")]
transform = Transform3D(0.661992, 1.28558e-15, -2.92606, -0.553706, 5.68512, -0.12527, 2.87319, 1.0956, 0.650031, 58.7276, -41.6166, -58.6523)

[node name="smalltree12" parent="Village3D/Enviroment/Trees(All)" instance=ExtResource("7_hbwc6")]
transform = Transform3D(-0.80444, 0, -2.89013, 0, 3, 0, 2.89013, 0, -0.80444, 34.726, -45.7511, -67.9148)

[node name="smalltree13" parent="Village3D/Enviroment/Trees(All)" instance=ExtResource("7_hbwc6")]
transform = Transform3D(4.87928, 0, -1.09217, 0, 5, 0, 1.09217, 0, 4.87928, 9.04074, -48.3405, -44.6455)

[node name="smalltree14" parent="Village3D/Enviroment/Trees(All)" instance=ExtResource("7_hbwc6")]
transform = Transform3D(4.18866, 0, -2.73045, 0, 5, 0, 2.73045, 0, 4.18866, -12.1962, -41.3937, -54.4018)

[node name="smalltree15" parent="Village3D/Enviroment/Trees(All)" instance=ExtResource("7_hbwc6")]
transform = Transform3D(0.882651, 0, -3.9014, 0, 4, 0, 3.9014, 0, 0.882651, 67.9486, -42.9046, -55.4525)

[node name="smalltree16" parent="Village3D/Enviroment/Trees(All)" instance=ExtResource("7_hbwc6")]
transform = Transform3D(-0.804443, 0, -2.89014, 0, 3, 0, 2.89014, 0, -0.804443, 51.173, -47.6268, -36.539)

[node name="smalltree17" parent="Village3D/Enviroment/Trees(All)" instance=ExtResource("7_hbwc6")]
transform = Transform3D(-0.779085, 0, -2.79904, 0, 6.68478, 0, 2.79904, 0, -0.779085, -6.06818, -37.155, -63.2225)

[node name="smalltree18" parent="Village3D/Enviroment/Trees(All)" instance=ExtResource("7_hbwc6")]
transform = Transform3D(-1.26129, 0, -4.8383, 0, 5, 0, 4.8383, 0, -1.26129, 76.3293, -46.2853, -3.27518)

[node name="smalltree19" parent="Village3D/Enviroment/Trees(All)" instance=ExtResource("7_hbwc6")]
transform = Transform3D(-3.92976, 0, -0.746372, 0, 3.99999, 0, 0.746372, 0, -3.92976, 52.9735, -48.4216, 1.82335)

[node name="smalltree20" parent="Village3D/Enviroment/Trees(All)" instance=ExtResource("7_hbwc6")]
transform = Transform3D(-2.94732, 0, -0.55978, 0, 2.99999, 0, 0.55978, 0, -2.94732, 56.3592, -47.9788, 46.5624)

[node name="smalltree21" parent="Village3D/Enviroment/Trees(All)" instance=ExtResource("7_hbwc6")]
transform = Transform3D(-2.86039, 0, 0.904515, 0, 3, 0, -0.904515, 0, -2.86039, 74.5955, -45.7511, -26.2902)

[node name="smalltree22" parent="Village3D/Enviroment/Trees(All)" instance=ExtResource("7_hbwc6")]
transform = Transform3D(-1.26128, 0, -4.83832, 0, 5, 0, 4.83832, 0, -1.26128, 70.8813, -45.8778, -35.5891)

[node name="smalltree23" parent="Village3D/Enviroment/Trees(All)" instance=ExtResource("7_hbwc6")]
transform = Transform3D(1.60009, 0, -4.73708, 0, 7.67482, 0, 4.73708, 0, 1.60009, -2.792, -43.2303, -51.7785)

[node name="smalltree24" parent="Village3D/Enviroment/Trees(All)" instance=ExtResource("7_hbwc6")]
transform = Transform3D(-3.92975, 0, -0.746367, 0, 4, 0, 0.746367, 0, -3.92975, 73.1024, -48.0007, 24.4407)

[node name="smalltree25" parent="Village3D/Enviroment/Trees(All)" instance=ExtResource("7_hbwc6")]
transform = Transform3D(-2.8604, 0, 0.904518, 0, 3, 0, -0.904518, 0, -2.8604, 68.5491, -45.7907, -16.8071)

[node name="smalltree26" parent="Village3D/Enviroment/Trees(All)" instance=ExtResource("7_hbwc6")]
transform = Transform3D(-0.256188, 0, 4.99345, 0, 5, 0, -4.99345, 0, -0.256188, 83.0362, -47.8234, 47.667)

[node name="smalltree27" parent="Village3D/Enviroment/Trees(All)" instance=ExtResource("7_hbwc6")]
transform = Transform3D(-3.41408, 0, 3.65297, 0, 5, 0, -3.65297, 0, -3.41408, 2.33531, -46.9221, 55.9344)

[node name="smalltree28" parent="Village3D/Enviroment/Trees(All)" instance=ExtResource("7_hbwc6")]
transform = Transform3D(4, 0, -1.90734e-06, 0, 4, 0, 1.90734e-06, 0, 4, 76.5635, -48.6165, 43.3442)

[node name="smalltreedarkercolor" parent="Village3D/Enviroment/Trees(All)" instance=ExtResource("8_vf3gk")]
transform = Transform3D(3, 0, 0, 0, 4, 0, 0, 0, 3, -21.079, -44.1882, 1.50116)

[node name="smalltreedarkercolor2" parent="Village3D/Enviroment/Trees(All)" instance=ExtResource("8_vf3gk")]
transform = Transform3D(-1.87434, 0, -2.3424, 0, 4, 0, 2.3424, 0, -1.87434, 58.7983, -47.4005, -31.7375)

[node name="smalltreedarkercolor3" parent="Village3D/Enviroment/Trees(All)" instance=ExtResource("8_vf3gk")]
transform = Transform3D(1.20527, 0, -2.74724, 0, 4, 0, 2.74724, 0, 1.20527, -26.3653, -40.8872, -8.63233)

[node name="smalltreedarkercolor4" parent="Village3D/Enviroment/Trees(All)" instance=ExtResource("8_vf3gk")]
transform = Transform3D(-2.55928, -0.410337, 1.53473, -0.263934, 3.9789, 0.158274, -1.54287, 0, -2.57285, 87.3777, -46.1899, -3.82171)

[node name="smalltreedarkercolor5" parent="Village3D/Enviroment/Trees(All)" instance=ExtResource("8_vf3gk")]
transform = Transform3D(2.99999, 0, 0, 0, 4.86738, 0, 0, 0, 2.99999, -7.35207, -47.8842, -25.8088)

[node name="smalltreedarkercolor35" parent="Village3D/Enviroment/Trees(All)" instance=ExtResource("8_vf3gk")]
transform = Transform3D(2.99999, 0, 0, 0, 4.86738, 0, 0, 0, 2.99999, 7.46972, -48.2412, -34.875)

[node name="smalltreedarkercolor6" parent="Village3D/Enviroment/Trees(All)" instance=ExtResource("8_vf3gk")]
transform = Transform3D(3.99998, 0, 0, 0, 5.333, 0, 0, 0, 3.99998, -7.42742, -47.2766, -36.1375)

[node name="smalltreedarkercolor7" parent="Village3D/Enviroment/Trees(All)" instance=ExtResource("8_vf3gk")]
