[gd_resource type="Skin" format=3 uid="uid://deqo1ywndmjwf"]

[resource]
resource_name = "Skin"
bind_count = 22
bind/0/name = &"mixamorig_Spine2"
bind/0/bone = -1
bind/0/pose = Transform3D(1, 0, 0, 0, 0.994766, -0.102175, 0, 0.102175, 0.994766, 0.000161023, -0.0934882, -0.00364605)
bind/1/name = &"mixamorig_LeftShoulder"
bind/1/bone = -1
bind/1/pose = Transform3D(-0.0351426, -0.102285, -0.994134, 0.955948, -0.293515, -0.00359334, -0.291425, -0.950467, 0.108094, 0.00365449, 0.0263256, 0.0995656)
bind/2/name = &"mixamorig_LeftArm"
bind/2/bone = -1
bind/2/pose = Transform3D(0.00145413, -0.113439, -0.993544, 0.996193, -0.0864343, 0.0113268, -0.0871612, -0.989778, 0.112882, 0.00432593, -0.00351379, 0.101025)
bind/3/name = &"mixamorig_LeftForeArm"
bind/3/bone = -1
bind/3/pose = Transform3D(-0.00274402, -0.113074, -0.993583, 0.999985, -0.00507443, -0.00218421, -0.00479488, -0.993574, 0.113086, 0.00439978, -0.0257792, 0.0992388)
bind/4/name = &"mixamorig_LeftHand"
bind/4/bone = -1
bind/4/pose = Transform3D(-0.00274402, -0.113074, -0.993583, 0.999985, -0.00507443, -0.00218421, -0.00479488, -0.993574, 0.113086, 0.00439978, -0.0488524, 0.0992388)
bind/5/name = &"mixamorig_Spine1"
bind/5/bone = -1
bind/5/pose = Transform3D(1, 0, 0, 0, 0.994766, -0.102175, 0, 0.102175, 0.994766, 0.000161023, -0.0839704, -0.00364605)
bind/6/name = &"mixamorig_RightUpLeg"
bind/6/bone = -1
bind/6/pose = Transform3D(-0.999566, 0.0294563, -5.58765e-05, -0.0294563, -0.999564, 0.00189611, 7.39543e-20, 0.00189693, 0.999998, -0.00996968, 0.0643158, 0.00599519)
bind/7/name = &"mixamorig_RightLeg"
bind/7/bone = -1
bind/7/pose = Transform3D(-0.999977, 0.00679586, -1.28913e-05, -0.00679428, -0.999782, -0.0197637, -0.0001472, -0.0197632, 0.999805, -0.00920158, 0.0338593, 0.00673017)
bind/8/name = &"mixamorig_RightFoot"
bind/8/bone = -1
bind/8/pose = Transform3D(-0.992123, 0.00921187, -0.124931, -0.11367, -0.485339, 0.866906, -0.052648, 0.874278, 0.482563, -0.00997036, 0.00800789, -0.00329586)
bind/9/name = &"mixamorig_RightToeBase"
bind/9/bone = -1
bind/9/pose = Transform3D(-0.889977, -0.338105, -0.305983, -0.323484, -0.00483578, 0.946221, -0.321402, 0.941096, -0.105068, -0.0078471, -0.00931861, -0.00257561)
bind/10/name = &"mixamorig_Hips"
bind/10/bone = -1
bind/10/pose = Transform3D(1, 0, 0, 0, 1, 0, 0, 0, 1, 0.000161023, -0.0685178, 0.00337238)
bind/11/name = &"mixamorig_LeftUpLeg"
bind/11/bone = -1
bind/11/pose = Transform3D(-0.999566, -0.0294499, -0.000436284, 0.0294531, -0.999456, -0.0148064, 1.74352e-18, -0.0148128, 0.99989, 0.00964436, 0.0642163, 0.00706597)
bind/12/name = &"mixamorig_LeftFoot"
bind/12/bone = -1
bind/12/pose = Transform3D(-0.991867, -0.00654511, 0.127112, 0.114157, -0.487405, 0.865681, 0.0562889, 0.873151, 0.484188, 0.00963494, 0.00797992, -0.00332973)
bind/13/name = &"mixamorig_LeftToeBase"
bind/13/bone = -1
bind/13/pose = Transform3D(-0.890801, 0.335552, 0.306395, 0.323624, -0.00482229, 0.946173, 0.318968, 0.942009, -0.104297, 0.00756451, -0.00921971, -0.00245076)
bind/14/name = &"mixamorig_LeftLeg"
bind/14/bone = -1
bind/14/pose = Transform3D(-0.999977, -0.00679575, -0.000100675, 0.00679559, -0.999976, 0.00153696, -0.000111118, 0.00153624, 0.999999, 0.0088788, 0.033998, 0.006511)
bind/15/name = &"mixamorig_Spine"
bind/15/bone = -1
bind/15/pose = Transform3D(1, 0, 0, 0, 0.994767, -0.102174, 0, 0.102174, 0.994767, 0.000161023, -0.0756422, -0.00364604)
bind/16/name = &"mixamorig_RightShoulder"
bind/16/bone = -1
bind/16/pose = Transform3D(-0.0276708, 0.102295, 0.994369, -0.955948, -0.293514, 0.0035934, 0.292229, -0.950466, 0.10591, -0.00366408, 0.0260682, 0.0996441)
bind/17/name = &"mixamorig_RightArm"
bind/17/bone = -1
bind/17/pose = Transform3D(-0.00603411, 0.10891, 0.994033, -0.996251, -0.0864391, 0.00342299, 0.0862962, -0.990286, 0.109023, -0.00405602, -0.00389103, 0.101056)
bind/18/name = &"mixamorig_Neck"
bind/18/bone = -1
bind/18/pose = Transform3D(1, 0, 0, 0, 1, -2.77556e-17, 0, 2.77556e-17, 1, 0.000161023, -0.104023, 0.00701918)
bind/19/name = &"mixamorig_Head"
bind/19/bone = -1
bind/19/pose = Transform3D(1, 0, 0, 0, 1, -2.77556e-17, 0, 2.77556e-17, 1, 0.000161023, -0.110011, 0.00680121)
bind/20/name = &"mixamorig_RightForeArm"
bind/20/bone = -1
bind/20/pose = Transform3D(-0.00489065, 0.109009, 0.994029, -0.999978, -0.00507419, -0.00436346, 0.00456823, -0.994028, 0.109031, -0.00403546, -0.0261162, 0.0992531)
bind/21/name = &"mixamorig_RightHand"
bind/21/bone = -1
bind/21/pose = Transform3D(-0.00489065, 0.109009, 0.994029, -0.999978, -0.00507419, -0.00436346, 0.00456823, -0.994028, 0.109031, -0.00403546, -0.0491896, 0.0992531)
